$ANSIBLE_VAULT;1.1;AES256
38623466623436663061636335316232306230313436323361656461353734343961666463353836
6333376565363439313464333564383266663534373731310a346535656431393462303563656161
35653435396532613162393430373230333737323639333734623239313361356534316530643266
3132643166623235340a663762633635646537393437393939616131663561633739333463313235
39336330393061383633333433336261646464373465646663633330376565326238636164653734
37333265356235663234646434363432326539316261303064653839333338666436643535303737
64643732613234353430663966643834333664656665386332633631623962616262356261656437
35323131316333623436393735336133303231323063303432363764333039323430613338613139
31336530313235316366306333663932383339353032613838383632323033333039383237316438
34613065626435646331376434643135356561353463616164316566643964643237373730386266
65653533623036613162643732616264323633376166343532313431353862333233373539623362
65356138356334346363396234626131303332623732396138633561306536326339373531303434
62353465623261313430303031393162343663353163313835613965666166336366363461323961
32343065396366383835646639616334353436353961656139363761666266306566333764613864
63353362333666613665333836333964303238656637306461653063643333363538666365376136
38336236663230363766643338373135316639666661613234623138613262626662333662303236
66376431656439623736663666396461643738303437623563376430643635396264643337376537
66326163323163336430663663333834376136613530396538333765386234343932623933373535
33313561613834366237366639653133373538353937663066303432343632373130343166343962
63646336346331316336323232643433373039646561323662366430376136656231643335613131
39646163383164306662313862613931303738616636633162313962656633313264653536613764
66306336373430653139626663656433653432633738646362303362393561383832636561373435
62373063653135623635393235363539333934303932396337386165303737663939306232353562
39333866313837623937316239626561313735653937636338636532356439613462303261313365
32373534386132326434313431323862633462383665346639623237303464343834383762303539
36383261373561323433376639353265383562393966623661396562396437396636303362613936
34386336316165366433333462386532613330643834653338333466353430396434306162643139
65323135633932626536326236353561396133613438306566643030663764336131393462396132
38613761636361383136646461333034366666663463346137346464313130353538393438306364
36396238616662633237636235666430343730653539316235373835336635323330313431386564
66333564633965656130663136356437376331383364613131376631343331353865653030633539
63356164306238323138613263623238323636636436373363643134343333363161323264366437
37653335363961663139646439643061666533623764613236366331666533323239373039306364
36323766636566323736663265336638383736396237643963313032393337303737383938636631
30366335353237313438373436643662386264323464376166373835646130303536643338653638
64633639663238666162663866333735336133623539653431636338306539336134646330613530
34653339303361636438393332656531386663376537666464386531316333663938626161666336
37383739373930363438376537323166663461653239623935653037653835323039313733646531
63313937343838363563616230356161313966333266373164373438393938383331636161663064
31303364666336346334373665373832653062613639383533303961353330663732333536623831
31646232646632633138366537333633663764303431333637616261336236396261393562663161
65396564663662353161643636653431663964396238643265386264336537373833626139636564
64626436343265386461353865373062653736373266646263633561353635643838333661306238
34643861326636626461656538653462663162636563306366663964666562353738333436633536
36623530373338346436363162613063653465646534353537666138386336316166303432316238
39326661666266356330396137613338343539306333386430386466646238346232336633313663
30383163613532323537646232643266363636396165623834303331666137303932646661353538
33393534333230386662666533336462356132383434393464653536313437643338656162643933
62316335663530346635646464373132633636646265303061353964666435336635306165653236
62633265353563636339363266616633313166316438656132326262353565306363663133343066
38383863363561616531323835646363356561366334373334646232396132353437313761643933
32346539623938303231386230653935373335383739616637313262313032626464633332356365
36336564663330626665653533653536316633363564326663306535373461663266346334376337
61393034333035633032313763643162623161336137316161643365623663323966613162346530
36646264316634323233343538376334303164383532353033393936623261663730333339373936
38623863333632666435623235656163323637306261656661633332323333623362323366326235
31346463336639616635613332333538396562333366363763393939303263663438316665363837
62313039653934656166636366343833326135636135333634393431346630663239653464613932
306365623966666362653436393532643261
